,0,1,2,3,4,5,6,7,8,9,10,11,12,13,14,15,16,17,18,19,20,21,22,23,24,25,26,27,28,29,30,31,32,33,34,35,36,37,38,39,40,41,42,43,44,45,46,47,48,49,50,51,52,53,54,55,56,57,58,59,60,61,62,63,64,65,66,67,68,69,70,71,72,73,74,75,76,77,78,79,80,81,82,83,84,85,86,87,88,89,90,91,92,93,94,95,96,97,98,99,100,101,102,103,104,105,106,107,108,109,110,111,112,113,114,115,116,117,118,119,120,121,122,123,124,125,126,127,128,129,130,131,132,133,134,135,136,137,138,139,140,141,142,143,144,145,146,147,148,149,150,151,152,153,154,155,156,157,158,159,160,161,162
0,0.9999999999999999,0.6374823735884214,0.6475738668422706,0.6692788924154055,0.6919072135304024,0.6970032240862474,0.6640268614847336,0.6127642804573448,0.6332483683724549,0.6315513071946657,0.6189132178877986,0.620003411024197,0.654511515435649,0.6564015488442551,0.652167376967071,0.6453604026639419,0.6170187521503624,0.6943362131193154,0.6482964853110353,0.6564125862917728,0.6707246490761415,0.6492888929157785,0.6511416513280521,0.6254469234786911,0.6923074594679928,0.6544041935249539,0.5935283792412958,0.6758357055425881,0.6236968438260406,0.6851899632682122,0.6466066367931843,0.6270632521145516,0.6546686564808855,0.6819154784857752,0.6524228388018761,0.6498698253768296,0.630386626351358,0.665920879048314,0.63041320614794,0.5959866559042507,0.7017416533932451,0.6992441738928162,0.6018487265626197,0.6565970109365118,0.6947418733935287,-0.1586485297515569,0.6722095089564185,0.551093474883581,0.6591810627200108,0.6495972229941185,0.6658691290167427,0.7172310573529286,0.6211448935884043,0.6261681101342086,0.7064209958264398,0.6910613359420925,0.6432823641660952,0.6512290214010148,0.6665142377046153,0.6375122006971958,0.6407580897849073,0.6589627058688318,0.5154336347987745,0.5891536896384957,0.6101249574490952,0.6503415844388098,-0.114803539118445,0.6694531620977128,0.6719666236054437,0.6540379350779556,0.6507849513915831,0.7050966098038642,0.6719965157295554,0.7078895753223227,0.6439797150499689,0.6872894164497484,0.7017448661649035,0.7008308889699584,0.6250981933789169,0.6811460847643797,0.6278948000682399,0.6560011666500667,0.649507294314879,0.6762542741098975,0.6820065426644847,0.6161188333788646,0.6769838766794641,0.6800611912767426,0.6774418855736994,0.6595980444375683,0.6552613035881732,0.6341112133942411,0.5206213749545315,0.6696418160593317,0.5948805832531986,0.6995653607179806,0.6491877387667915,0.6088116995043932,0.6501240312885002,0.6718408617930903,0.682331903553498,0.6800972695882428,0.681018049011177,0.6357178994294035,0.6615807709337534,0.6467146522300028,0.6540313459163514,0.6595359086827577,0.6608268384661204,0.6217063480225655,0.6625742690192276,0.653367920236666,0.6897189262315286,0.6393372098612459,0.6555799732558056,0.6662838297438749,0.6315263736533768,0.474395708377116,0.670688252152968,0.6763894823497106,0.6025722232678862,0.6528437905952845,0.664667799850971,0.6071267990793969,0.6299052385320846,0.6487112511303921,0.6447147440984072,0.6618165407519577,0.6593413633907549,0.697477361921568,0.7125837538460299,0.6797354111676283,0.6126454044376676,0.6911831581174529,0.6670878268055068,0.6602215692516772,0.655024448126159,0.7638775653637272,0.6490324837848429,0.6739476976815542,0.6308299225851286,0.7260450193774262,0.6498507827013066,0.6085679615832947,0.6949888413121144,0.6538200546889523,0.6368552348737202,0.6470282632545236,0.6805711838304414,0.7034953082420021,0.671661387854824,0.6770631448195112,0.6928060854310333,0.6572119303428906,0.6828687349707918,0.5197602010540403,0.6707945061969783,0.651873133134725,0.6863637053591652,0.6101644124481853,0.6462310014196109,0.7573604933130621,0.6216154535437272
1,0.6374823735884214,0.9999999999999992,0.6806966121135806,0.7511410139153443,0.7107947848763381,0.6275385393387651,0.6387787994757173,0.6432078004139253,0.6855716898795796,0.7027884069873983,0.6804123913033493,0.6321662423290509,0.6050481605111513,0.6601933949713901,0.6968921772908728,0.6405575409565228,0.6507891682411615,0.6616515045953736,0.5919565164381865,0.6635605061517337,0.5754908689977932,0.7015625571545682,0.6148861494968557,0.6807908289050172,0.6782681979882356,0.6437946080884954,0.6913596657542501,0.6163241895702297,0.641250897640416,0.6967988628639891,0.656720170407066,0.6327196462766723,0.6013800988482122,0.6252620941182943,0.6068335694739218,0.6711777231349272,0.6102915612409389,0.6723106733016763,0.654446071386222,0.7230671251333748,0.5733956246550411,0.6842552466497623,0.6288438717552143,0.6818170316210584,0.6209541197383941,-0.06623194527672019,0.6261805522390631,0.6212463989764192,0.6896726437311959,0.5917974285000025,0.6301807252453224,0.715191794120407,0.6988924845782752,0.9276887351877401,0.6901088208760641,0.6216857797468909,0.7181889484919748,0.6874241595274039,0.6734477131089878,0.5119310020531542,0.7011831323782037,0.6790514410663983,0.5033998861622959,0.6776040157958052,0.6423108712631213,0.6478850372695009,-0.12242893801658002,0.6295692543864793,0.6142471445547186,0.5531146601979037,0.7530177004851701,0.6798520763000362,0.6215306462423688,0.7009616199259009,0.6468120777010822,0.6690849404846293,0.7077155495448619,0.6036752352322377,0.7048907631394088,0.6909440643253003,0.5619950799509874,0.66831842305177,0.6566824142029702,0.6876629322363046,0.6966925852582694,0.6260836371429791,0.6114827624475421,0.620574144918578,0.6912653104184162,0.7398264841457842,0.6653391689777381,0.5696616203864194,0.5149638726451599,0.6875934396398892,0.6434205933157419,0.6209034588313989,0.6797815705670764,0.6285176142787323,0.6772430364350008,0.6720195284385928,0.6322919623434895,0.6418875703450947,0.6312434899942445,0.6842811529683644,0.5719462809116659,0.5835140504392937,0.5775607167810288,0.7291497369988719,0.6433027872640087,0.5993833456231673,0.6784241761516002,0.8968581275058624,0.67488085163848,0.6889470696774885,0.6494921027749261,0.7108302788759238,0.6426039806383953,0.5247159278732249,0.6787617580155345,0.6602044533362642,0.6052423297715862,0.6404501787304901,0.6810333181151538,0.6481787867918405,0.6742231882396641,0.6068193137295659,0.6791694637140239,0.5839384530463392,0.6406476922932964,0.7118413898130148,0.6684638928014044,0.6434205645038777,0.654053638819967,0.6666002129668946,0.6989695940951973,0.7273967925094659,0.6679156458300501,0.6667979598867889,0.6573757456707352,0.672591834407942,0.6095768530133908,0.5966334301844632,0.6796800173800548,0.6311641989557906,0.653724474948944,0.5980625011482497,0.6368715773853687,0.6075550243562312,0.6098117610472858,0.5936738752940747,0.7126977851779752,0.6544190430682467,0.6152577845753636,0.6086702544163666,0.6425369097586914,0.5038279002739839,0.704703015505247,0.6616090749358687,0.6127260467098827,0.6075064703111063,0.6303825141272821,0.7370566582058524,0.6112238040006545
2,0.6475738668422706,0.6806966121135806,1.0,0.7046783669639218,0.7174805653522041,0.6807087061072382,0.6683655477938548,0.6696848142768479,0.6321787182591888,0.6335576678252988,0.5989425075697142,0.6784964322066983,0.6993333426521163,0.6974622265388436,0.6444806652451666,0.6940421675117454,0.6106775092090085,0.6350511649911365,0.6447390651087681,0.6272512441027966,0.618401089120188,0.6606246605237683,0.680494685336955,0.6342425317595829,0.6582566169573684,0.6861038122401247,0.6734476754406064,0.6736628148517781,0.668432011546834,0.6338566589842815,0.662090206644423,0.7036883855098641,0.7061674649654759,0.6814192137625726,0.7039216766293214,0.6649205857964305,0.6815942757613945,0.7282846964632278,0.6851272534385943,0.7231532233031892,0.7051402142421005,0.6639412547948607,0.6804868284941643,0.6176778522274764,0.6318337788760291,0.023796394038690435,0.5874443454563683,0.6214231823580767,0.6345486173466754,0.6610843694397198,0.6332118297803772,0.6760263834543897,0.6290942918335388,0.624849868160416,0.6480673331189938,0.6253602516597443,0.6674808661216188,0.6960532557251516,0.6974127751911516,0.5264986939647697,0.6832727805297456,0.6196142411106885,0.5224955285085187,0.6649792326550786,0.6418350522896178,0.6089614098213402,-0.028714823779692183,0.6280423335010731,0.6973074710592412,0.6272975907165793,0.6844779511764306,0.676374087858501,0.6547611938636482,0.6719975791209726,0.703119184560209,0.6761316343868947,0.6610734782959614,0.660243708671542,0.6738833068688331,0.6398604603958866,0.6675086064410225,0.6163405027571613,0.649911069709724,0.6048874958887352,0.6500649464091366,0.6916985115287139,0.6650915524543934,0.6841904615470736,0.6698794852755025,0.7328741431157622,0.6867741497124844,0.6594618308006484,0.5897243614918859,0.6332102535942626,0.7243840521242011,0.6621113362681522,0.7241886966259338,0.7156899296774035,0.6952728870145556,0.7649522016278508,0.665803009072367,0.644099853096159,0.6175619179802859,0.7053307053193797,0.630817088656521,0.7160178934663818,0.6501564063263297,0.7035605472159611,0.6456753011587539,0.6875529522966489,0.6318323624730144,0.6261106398649416,0.6878035619249376,0.6625529946624471,0.7053749007050456,0.6808141689055591,0.7042205123533739,0.4660538164755816,0.706662503035827,0.7188196500537253,0.6182073170659188,0.645112145871219,0.6090661352041761,0.5074477963542002,0.6979701045368781,0.677229566775708,0.6250507699852494,0.638639805771438,0.6973394245829108,0.6573839772129362,0.6951239501568345,0.6518209525934161,0.6840311137088487,0.5593316501619875,0.5866752761003823,0.6926637316230261,0.6229962911977649,0.6978802148358207,0.6409882697635723,0.6444117658595776,0.6820749149806911,0.7032877596358503,0.6743520466120154,0.6069109032702902,0.7046519981004462,0.7486004206861413,0.6960661740986509,0.7196762314794086,0.5724845341729041,0.633322651349742,0.6681081920027288,0.59016777338463,0.6641920846353511,0.6485923395501616,0.6195274739179456,0.5931469998644606,0.6568105602356571,0.6415444161041235,0.7035486490700683,0.6847564585948394,0.6099238340700829,0.7358253898172381,0.5852160733524501
3,0.6692788924154055,0.7511410139153443,0.7046783669639218,0.9999999999999999,0.6611293124846984,0.6650633091335703,0.6109938452867093,0.603129655400624,0.6664255853728511,0.6149266170558064,0.5941540363032456,0.6249563979531998,0.6668149919924392,0.6943067341338404,0.6801326742245483,0.6786599039859614,0.5617636723859301,0.6811683106052387,0.6141982708543485,0.5957634628151132,0.625878996767194,0.7154376425306275,0.6811289586380138,0.6115438412243521,0.6003128586270277,0.6563359056450657,0.6802240487906485,0.6531360724773724,0.6437596870616105,0.6490604654738933,0.6354978135341142,0.6463561977408171,0.6914014060205046,0.6744113209016578,0.6402537456682709,0.6534757466717618,0.6667735338310584,0.6277342254782,0.6287711880103137,0.6945221837979952,0.670349986844075,0.6306887074184069,0.643918947402657,0.6045913269894327,0.655369140209573,-0.022962460717022744,0.654076460490147,0.6216827972549381,0.5926363166997498,0.6408726714675083,0.6257285707922416,0.6603263764192248,0.6367437473428169,0.7000534663917356,0.6534075405008498,0.6755027590905219,0.6026697129109287,0.6245098689175316,0.6826122049322579,0.5614604971298908,0.6811371315061858,0.6172509417693172,0.5866677869329856,0.6672215012460498,0.6101002108439799,0.5893229522816572,-0.03661111096107096,0.6350453396420064,0.6485765796491652,0.5624505962961721,0.676427232967472,0.703871448744332,0.6819760059326625,0.6446377801066399,0.6851818988441736,0.6510987185425863,0.6689598145851251,0.6515868705799042,0.6660372902980024,0.6621999555292651,0.5943354035690611,0.5718459349585939,0.6292364079867401,0.6480228521495053,0.6756172768980796,0.6264858238616947,0.6592150891202664,0.6518426997743119,0.6084143583504484,0.6911269760365867,0.6019510202148771,0.6719623881531402,0.5723808323789106,0.6106729917177495,0.6492125011063915,0.6739563598908981,0.7177060601257823,0.6852053988152449,0.6495418962957525,0.6820700105190886,0.6378511286473351,0.6780990115487531,0.6248434007510038,0.6599278834942952,0.6216791890058265,0.6770070779009276,0.6523994190279121,0.6611023686751065,0.5950916146572752,0.6664622820733102,0.587623514122546,0.6836560722711874,0.657390539519221,0.5807775519430324,0.7405140414819645,0.6692427749622407,0.6742693015718787,0.47596072982409465,0.6785679404827168,0.6653402645092409,0.6298727944815001,0.566967842490887,0.6349144034721331,0.5445241214291145,0.6623089368142043,0.6951950681014366,0.5944240267701392,0.584118276738251,0.6997596046970372,0.772781006287992,0.6431081831532979,0.6180211996989045,0.627445033166667,0.6993514586310304,0.6705123212567075,0.6452950802582799,0.688905492921716,0.7202418562625068,0.7234940082268325,0.6155582149137876,0.6449387970277872,0.6405066177451638,0.6316865070511207,0.5924937228867166,0.693462449755333,0.6636526146531724,0.6586119550909926,0.6634677062792471,0.6286024226525749,0.6240823444828163,0.6383247698756536,0.6969177251568547,0.6092673222806143,0.6400651821751449,0.6554890243805896,0.5571667492838743,0.6864233003683069,0.633191240788372,0.662112195906184,0.679310519529394,0.6233067130059712,0.7477635875112136,0.6160859951086324
4,0.6919072135304024,0.7107947848763381,0.7174805653522041,0.6611293124846984,0.9999999999999999,0.6793522985504732,0.6059592395302198,0.656954727125991,0.6463776246597797,0.6747992648693565,0.6602311187422913,0.6335747065767717,0.6456830740147362,0.6204732685983387,0.7292413909468163,0.7015805498032217,0.6527947235286587,0.621137325196,0.6660970243189676,0.6514342370547884,0.6162893980547088,0.627065176616627,0.6192241260822872,0.6887709117581711,0.9039813172021394,0.7248777139041298,0.6304988536286317,0.6728129912890933,0.6285267608637127,0.6883068743002039,0.6715173416519579,0.6302634601880339,0.6672851337684795,0.743634088357949,0.6465573163690426,0.6296313560119912,0.7186915556054273,0.6417205760902992,0.6657223728851203,0.6982264274285763,0.6939370461694144,0.718621804488421,0.6741162698921903,0.6713918374991625,0.6569573652962478,-0.19321238358115003,0.7061287558423672,0.598711649028238,0.6794151218189046,0.7005332740164716,0.6783148251361957,0.6481748547453507,0.6893292798527814,0.6553700922118679,0.6432483969795544,0.640829136489057,0.6886094437151731,0.672435788708397,0.7225927875774473,0.6067914086081653,0.6507165178074007,0.6126840298166694,0.48340203593091435,0.6266547675975191,0.6315391179282429,0.6566863362981719,-0.04144819916490271,0.6530598394130789,0.6829778789120867,0.612062432395057,0.6578083776966349,0.6407686286495595,0.6385826640180994,0.6695280898567267,0.6509937478994958,0.6839251651714572,0.6224859243587089,0.6943604181777897,0.6861180420651872,0.6135889570170271,0.6258836724688311,0.7015089756769693,0.6886505440784688,0.6787157965616142,0.678440052106593,0.6212483658584929,0.680747575578085,0.6539232389427193,0.688447362363022,0.7149008405374104,0.6787438443065453,0.6576542227081276,0.6527191167302702,0.685911845565465,0.6542517522957445,0.6712598558702774,0.6474352202920421,0.674580073823826,0.6257131706592455,0.6933975435051384,0.6512239639024587,0.658378069945263,0.6643347415425362,0.6679597870184524,0.6546399177717077,0.6750069316926404,0.6639770645293088,0.7215041444022445,0.7316994661587938,0.6512008336902708,0.6659654312715635,0.6366184207620481,0.5987007240939286,0.6399960560799659,0.6807370562177615,0.639621494508994,0.7487128481686313,0.48505874674195487,0.7214076761137337,0.7176621148509306,0.6119897689400028,0.7039126839111993,0.6639360954295648,0.6306350740546135,0.6332662445604119,0.6358675130305792,0.6327005071297405,0.6500549830821455,0.7134499579853055,0.6667254559898959,0.6987041291319452,0.660737397850043,0.6158523300554488,0.6634579176882989,0.6358136936864172,0.6906264876064042,0.6240970645507725,0.6986738531641927,0.6819011122651127,0.6939864514217822,0.618057210462413,0.6608374614037256,0.7110732933091947,0.6034531043675109,0.7220862839129522,0.6723201813359101,0.7021283826027768,0.6634413435349426,0.7185691091877949,0.6683301578675515,0.6981847692642583,0.6515290583135028,0.6619129807975603,0.6605800305248237,0.5903099960240052,0.6146938403232431,0.6474108390870466,0.701097884022537,0.6859352756304407,0.6153871134380413,0.5609718288134964,0.7820185693744012,0.6574392028823564
5,0.6970032240862474,0.6275385393387651,0.6807087061072382,0.6650633091335703,0.6793522985504732,1.0,0.6149716553839986,0.7179614791406456,0.7024646130054436,0.696322570552392,0.62529241098139,0.744429185675982,0.6862405006654979,0.6168391178661125,0.6125294821423966,0.6999613277585656,0.6430891222623777,0.6981849563634006,0.6579981024594899,0.6604963125208123,0.6225268999797879,0.7002651958088547,0.7210426476697973,0.6845168980602435,0.6986272479028771,0.650606114999575,0.6176068324732179,0.6607623982543971,0.6307300274042168,0.6662494831228086,0.6258911771026077,0.6616853999528625,0.7166852650305752,0.6617047629282595,0.6521607758937067,0.6246840234166914,0.7282957759326428,0.6699215054228514,0.6765400293736729,0.6935223353934143,0.6641423960566533,0.7090478680829042,0.6430701769277143,0.6995156011850074,0.7022225437158636,-0.10200191008411537,0.6843077834190219,0.6570445723912709,0.6822350111899891,0.6212739659526618,0.6539960852072335,0.6753212575972789,0.6315623658054231,0.6305527425373763,0.5900432722759715,0.672180761978963,0.6623952031584166,0.6722906006671776,0.6772038857057402,0.5452124554325691,0.6430709666445618,0.6367572271178721,0.5673517794130692,0.6491359948765428,0.5786102886503988,0.5730806972842035,-0.1757033270081213,0.6923124636114744,0.6765308897068464,0.6260271419056,0.6556412090517972,0.7239519967251048,0.613314834608341,0.6616234329335315,0.6346668380645487,0.6567878136298173,0.6377188450239679,0.6842076289678559,0.6679176237592382,0.677149575455923,0.67321994682977,0.6786917708830642,0.6966566584149679,0.6720818383462781,0.7093461625928555,0.6404807354149439,0.6554564780696434,0.6961079373499984,0.6296606706339869,0.6735450200458941,0.6763622464633836,0.6526806229497252,0.5549476650620861,0.6277918365497865,0.6360562024784056,0.6903210470181623,0.7254564723297282,0.7081936489754072,0.6561776449315088,0.6019201534857358,0.6694745760633808,0.6824971452213289,0.6725777358205215,0.6877435715198514,0.6731135719014486,0.7031035433239214,0.7016500420345807,0.6729789998411598,0.6951792613743599,0.7167066358185903,0.5987053020335873,0.6729932762748243,0.641302908412142,0.6237271283225594,0.649715536065437,0.7062420744096527,0.6492465055425821,0.5933746572682522,0.755937545986999,0.6929616051375758,0.625918340732799,0.6759838765236578,0.5934393183156119,0.57261605547263,0.6086314744697521,0.6799816186975398,0.6489468883604211,0.6472100744535609,0.6957255802997988,0.6460944164093099,0.7176411914543834,0.6475864973738514,0.6122523276483721,0.6178473329621823,0.6304140760176974,0.6551534409544155,0.6720497646285155,0.6572547015330925,0.7140681661327879,0.6177308107298466,0.6994038101892647,0.692383993200023,0.7003217024481866,0.6459645407043477,0.6977519785767591,0.6939521021444396,0.6770210349118734,0.7104499849357053,0.7029302004256576,0.6532085617683757,0.680279204349728,0.6676309249995069,0.6780261996815319,0.6441419891107827,0.6743069588587765,0.654405762517611,0.6910610394049128,0.7204916805286601,0.6709025605362587,0.6956908211852642,0.6689066651769805,0.7243349276056448,0.6275670408546378
6,0.6640268614847336,0.6387787994757173,0.6683655477938548,0.6109938452867093,0.6059592395302198,0.6149716553839986,1.0000000000000004,0.6360151784825013,0.6012105617234408,0.5792196200123345,0.6161741977032095,0.676198533571218,0.5950645273126349,0.5871129984506135,0.6010817185553211,0.6456324625190758,0.6005814369092786,0.6912423533199262,0.6462409271297102,0.6821454791477798,0.6846922117955585,0.6920618250385685,0.6296077241061829,0.6239949805012497,0.6632797815956244,0.5732182250855035,0.6484518506972728,0.5992508202352126,0.6168008110919735,0.6444754701458669,0.6316961477044467,0.5737089968486981,0.6509798922938612,0.7070220512187043,0.6518586923451748,0.650363506908719,0.5642565091398178,0.7767733806357611,0.6159162059623015,0.6923319609956897,0.5902951912901526,0.7342124416386933,0.6377234703482331,0.6153783970101325,0.6199979187500451,-0.07258229586534612,0.6665883651169473,0.5218538557517374,0.6325759224940694,0.60326569276609,0.6981813689894946,0.6387453431182939,0.6007922036542267,0.6848014711381427,0.6614483853688089,0.5479343184098331,0.5767058071984008,0.6440474780886725,0.6520758006696599,0.5511073135748809,0.65243441281528,0.7246212139869578,0.4283583238085537,0.562658259781344,0.6830201795981953,0.6131291670869878,-0.046547865657939065,0.5384520426356482,0.6895401435111173,0.6392159451766304,0.6674867022357878,0.660535143595136,0.6092021214565403,0.610891053063383,0.6685861293942019,0.5974789156688499,0.6522369173089011,0.6603122579720009,0.6253335410834864,0.6391077248661875,0.6114629921970721,0.6064290271426633,0.6099026979427015,0.5535232460615073,0.6823884197986245,0.7103594893324517,0.509084449849337,0.6211976080499344,0.6228506147230256,0.689956747162626,0.6093474824222235,0.490543192659146,0.5136272654711078,0.6076959407677646,0.6217885627650933,0.557678234667989,0.6794896757775382,0.5184045274693958,0.7018096143046152,0.5731359011990397,0.5853415406091202,0.5578261768871696,0.6483218918166995,0.7041404831537752,0.6546515755999294,0.6951995345832577,0.6553015665266608,0.621664830564281,0.6362114020597472,0.606313224908334,0.5703477137469398,0.7176518630063168,0.6816596572258247,0.7008476806852715,0.6318047585943365,0.6532758666545299,0.6258977550757759,0.4634890444499761,0.5711783105499345,0.5829497875690498,0.5812651893454068,0.6543349650458893,0.6247393280892585,0.5840214181231833,0.6578768515262787,0.5638532316801184,0.6604750733939067,0.5935953634004346,0.6047727881779388,0.6478144001901153,0.5953514635381908,0.6615534651906192,0.6606486029281382,0.6456761474285437,0.6378147481709964,0.6508085123847642,0.6526130898817746,0.68741419569437,0.6708211494555801,0.5822318907998063,0.6541508931641875,0.7137263393380346,0.593637460881861,0.675443968066543,0.6848520198995717,0.6968649822313081,0.5200749965765765,0.658500592257235,0.6515379398678971,0.6939470415515292,0.6734829999677867,0.6193602682069945,0.7180147321898277,0.6353589266662139,0.6433925875293024,0.5371570999578822,0.6487132288924469,0.5594471902903647,0.5981169197509275,0.6051693063886039,0.6104613209574663,0.7097643918163603,0.545442817363126
7,0.6127642804573448,0.6432078004139253,0.6696848142768479,0.603129655400624,0.656954727125991,0.7179614791406456,0.6360151784825013,1.0000000000000004,0.5747986002937312,0.6177767367724858,0.6136053634199103,0.6999951530456645,0.6439483437020229,0.5813212634380089,0.6156126508924736,0.6762253207081972,0.6418306640969084,0.6536986886172123,0.6638586372647094,0.7177440720392169,0.6513024384558616,0.6723389830982028,0.6405941811037122,0.6551530431097139,0.7015751809442375,0.6555171577353449,0.589608809811975,0.639321183589221,0.6632777822531439,0.6327962446526383,0.6391265464499915,0.6975108876700418,0.6630735386162312,0.7152637260806914,0.6259674292816563,0.6381327706270166,0.6631367451792907,0.6946497072289451,0.6596885671544653,0.6242734838969849,0.6374171594169142,0.6436021145276688,0.633980842780156,0.6650617253235256,0.6547837323862584,-0.08614160860933712,0.6358723779175002,0.6207727334141521,0.6779559591348775,0.6412415545061065,0.6906850868738751,0.6713955637799508,0.6881275545163876,0.6427216140043536,0.6398499379642452,0.6443715437682777,0.6248114435027023,0.6228433173153936,0.6678614274220329,0.47794827951448365,0.681252060748705,0.6313374963911156,0.5568617920613369,0.6405249109015745,0.6244286360625979,0.5434973917423559,-0.0724919064668075,0.6333284908809302,0.6547682290613599,0.6034251130878402,0.6335934321173546,0.6867997259752964,0.6184601429926664,0.6077762224723243,0.6252534015769695,0.6059522416289667,0.6943700152898772,0.6511440465413056,0.6149240148342153,0.6690296340201606,0.6774851328779202,0.6691533003044853,0.6696511470800215,0.6459328599495034,0.6587672728045689,0.6742854905816305,0.6316835128409982,0.6714590527162118,0.6245770815853215,0.7034656730379152,0.7040001736399354,0.6148452422772908,0.541136137336231,0.6568400640538505,0.6655225844831685,0.6701580052183699,0.6618685216843944,0.6089526525805217,0.688847227103495,0.6231711354794909,0.6870014713172944,0.6687687157800072,0.6342122511097855,0.7145856122072469,0.6415340840402587,0.6773632565697518,0.6665141834361688,0.6617919202814128,0.7079474114313671,0.6756454810254958,0.5363576746442145,0.6326269261219623,0.6356437616484457,0.6939610405094995,0.6616343370488861,0.5995913525758554,0.62667963708388,0.49465668682921776,0.6428685840068376,0.642975329716517,0.6390599126095708,0.6216935316228975,0.6165672067583894,0.5705602051673274,0.5793490927459755,0.6484217077588863,0.6548812673833294,0.6942541639971438,0.6816671011337925,0.6074469092365457,0.6256143416120112,0.681532353858033,0.6537140546129211,0.6008497603180973,0.6329802222562434,0.6600780028650938,0.7034271299744389,0.66474139165208,0.6907656337736815,0.5816884311835419,0.692570059072444,0.6828563871714238,0.6938699267241674,0.7087845631552534,0.6293973050140299,0.6724816733397599,0.6452485275689053,0.6401423175507303,0.592649728348485,0.6402824471221049,0.6839830138998357,0.6498685865340091,0.6974745781156318,0.6287273972502737,0.6382908425365299,0.6149961182747885,0.6713983533680445,0.6594774245280637,0.6751540118758197,0.5833244235363954,0.6462029960246977,0.7355067941670279,0.6311909634090491
8,0.6332483683724549,0.6855716898795796,0.6321787182591888,0.6664255853728511,0.6463776246597797,0.7024646130054436,0.6012105617234408,0.5747986002937312,0.9999999999999998,0.5902996511995677,0.6436781669060654,0.6428462201634386,0.5429793757842079,0.636333103493055,0.618682004654594,0.599289447425742,0.5974578878627368,0.7226070645463054,0.5995976587036428,0.6041174909328366,0.5800756563427143,0.6458029180294635,0.6055828339068753,0.6419225315790847,0.6416852719995662,0.5887249571031242,0.6300428682381003,0.587067501875403,0.6090384298380525,0.5530960733962189,0.6543627635193965,0.6070108565910826,0.6264553178691346,0.6539586229778754,0.5385394286965588,0.5930425021506761,0.6935655710415253,0.637581426416298,0.5953856475388674,0.6551170277482314,0.6370287123371476,0.6400799869172992,0.5515983121453731,0.6230149907264854,0.5908190154665053,-0.03540151464675673,0.6824817032461247,0.6299468137844222,0.6442743262606501,0.6671427642114526,0.6867544999943311,0.6570507454765258,0.7100636562243589,0.6402392072758791,0.6069253629071322,0.6682960678694636,0.6754877186896588,0.627041497050826,0.6733157653930576,0.6046017435267917,0.6219056993931773,0.6537447494719313,0.5071838544429065,0.5731207167402456,0.6570545144439924,0.6223457906821693,-0.07450420741363752,0.5596541636933867,0.6812845569468394,0.6210348623313876,0.6300292576975979,0.6352039219109662,0.6517616636786359,0.6427917057449771,0.6183062742049028,0.6737059827402436,0.6449169593155641,0.6899867543954772,0.6007283045119463,0.6221932700639454,0.6683936324276201,0.5666817840229581,0.641441823650126,0.5999618663232176,0.6075558255882091,0.5916370427585942,0.636354890788665,0.6979290164709151,0.5756340006787626,0.6884637499957854,0.6273486156627233,0.6462785908152247,0.47737393782848814,0.6600921834171569,0.5884181774852408,0.6769287506088482,0.679240881575434,0.6490933413047255,0.6327210765252864,0.6523022998453243,0.6480668008361034,0.6627700632843125,0.5923277302767035,0.6018706622834036,0.5975883870521546,0.5739442646949429,0.5535120461666736,0.63152485990549,0.591162382190238,0.6023877038581962,0.6487240233517089,0.6569416506263649,0.6358484603872046,0.6187106067188207,0.6684186114377798,0.9255260303963174,0.5662963088472038,0.43223068781442886,0.6874392468968784,0.626409019032461,0.5896991609584387,0.6238216074442742,0.593246481506026,0.6083081559000958,0.6455292865876071,0.6555000103669614,0.5808904025609841,0.6083763602256066,0.6303430453981361,0.6885405966094159,0.622810975302347,0.5819326490844785,0.6092823384004712,0.5849147127524976,0.6514388624455065,0.6795505687943013,0.632769588688718,0.5927708858871179,0.6719352349789876,0.620816014508609,0.634791837835375,0.6176827205250778,0.5909295676788272,0.5938501786700485,0.6837273471129398,0.6370920265786405,0.6193314504668903,0.6391526373230533,0.6335671775354665,0.6719904176545185,0.5955060910948246,0.6659178512929772,0.5688769743657907,0.6288211492552184,0.610374402593716,0.5320628238609245,0.6588612334735586,0.6346550854157307,0.6726083020176703,0.6494946498467109,0.5846210957194776,0.707981722333573,0.5170596498658158
9,0.6315513071946657,0.7027884069873983,0.6335576678252988,0.6149266170558064,0.6747992648693565,0.696322570552392,0.5792196200123345,0.6177767367724858,0.5902996511995677,1.0000000000000007,0.5976523703718968,0.620301248090288,0.6639338595665888,0.589283432532958,0.643261453382198,0.6135290364170953,0.665085134207253,0.6431526009077412,0.6559884869837064,0.6503233367872497,0.6365362157178633,0.66341275761539,0.604766551424644,0.7985650925906351,0.6805042992071831,0.6524227144086434,0.6597898554262993,0.5932804853691298,0.6847250456968353,0.6512629091218545,0.5810799976374057,0.7055074245810597,0.628151874612658,0.5747565969794616,0.6022123050656437,0.6933930901214562,0.6273171094089072,0.6505404727189087,0.6358261833407118,0.6180641748573433,0.7073493000817739,0.6534676271043932,0.6595244711217845,0.6514384442558397,0.6008814588915457,-0.07686692466548435,0.6319787870732578,0.6269645387430581,0.6322213327496636,0.5656203145048737,0.5734494547379559,0.654121607026406,0.6204680790409055,0.6542043176469993,0.5934906281698578,0.5611191537422919,0.62917126655424,0.657890422318091,0.6025223558092065,0.5713121175250997,0.6250019070052529,0.6317246418586798,0.46851550276317966,0.6339852573710498,0.5430925731635295,0.6645494593027925,-0.01814955690232447,0.6530551389391397,0.6475402833786096,0.5889450261858677,0.6794928487881801,0.6438938230441356,0.6003735384333658,0.6926010591702786,0.6262785907116293,0.6276684727357953,0.6309126772100843,0.6493769381837607,0.6922888326347607,0.634834469782061,0.5773906637549232,0.642943994938994,0.6104826377126438,0.6334044592686745,0.6763882426182964,0.6616377639373595,0.661142628594615,0.6562325763053801,0.6190064105776626,0.688381465552457,0.6546949426062576,0.6131706739666044,0.5532310088795517,0.6691471770733888,0.668945745058869,0.6334679628708864,0.6781589298470002,0.6583362748960797,0.667573403872937,0.6363594808236065,0.6071917830131792,0.6397675573012653,0.6621338089494693,0.6926067305445138,0.6349449672920305,0.6173066813991598,0.6140170050124452,0.6845675395446523,0.6702083435977586,0.633621706561284,0.6016059582430423,0.6467785189179543,0.6655102660739621,0.6905649332108192,0.6694503744517544,0.6139901738341751,0.653290289584868,0.45844158943527863,0.6761577940617743,0.6544557138487422,0.6056388136138325,0.657066128114922,0.5617946820747514,0.5699182084268984,0.6017433015282712,0.536677225645936,0.664636796063767,0.6279305500621981,0.6358653961868395,0.5887809186803747,0.6453983498368594,0.6179480136139093,0.6168112475596274,0.6884071954418907,0.612854389714371,0.6751917589495537,0.658949529125681,0.6426304177335096,0.6885764965289357,0.6557417381528027,0.6044162666689815,0.6178360332152375,0.6807668092235198,0.6491402819741454,0.6743138046222897,0.6583812517194051,0.6477453690840735,0.6352479167440658,0.6626038654388829,0.6298908797820596,0.6575578849630629,0.6486848628766027,0.6271851530702283,0.574023523400941,0.5885549833894498,0.6328519407787726,0.6292881331549467,0.6918607132909351,0.6434459687752111,0.6261528426565418,0.588005401420359,0.7474854721070253,0.5652721794187868
10,0.6189132178877986,0.6804123913033493,0.5989425075697142,0.5941540363032456,0.6602311187422913,0.62529241098139,0.6161741977032095,0.6136053634199103,0.6436781669060654,0.5976523703718968,0.9999999999999999,0.6639752210906378,0.5415634008650174,0.6303311315964996,0.6550386823185764,0.6127710237670795,0.6104001260712119,0.6671586063022166,0.6705874689883367,0.6595613465274058,0.6031083493835867,0.6336849888106535,0.6154538167853888,0.5596492532796016,0.7105671717642871,0.6529413753044624,0.6532017067645531,0.6181008598879737,0.637247569132837,0.6791930125878515,0.5860409646098689,0.5959818021391828,0.6197498934180756,0.7004602369382374,0.5968236522722843,0.6934137542039686,0.5725610732352563,0.6300298946308815,0.6288467026110025,0.6468920390979842,0.61581277202523,0.5821433548082245,0.6352272381182165,0.6476122031004826,0.5711153883288345,-0.08056540230902305,0.6568179671393443,0.6431340539232003,0.623684112566771,0.6824985759927611,0.7315585827684419,0.5734359976482425,0.7061994470177887,0.6677877095453456,0.6196918876053317,0.6211903788367635,0.6329110926381671,0.5880615118524417,0.6118161761496408,0.5897596420332073,0.576291096744174,0.6421607811584307,0.5237326761691998,0.6032401967436213,0.6587615276337858,0.6692500003170283,-0.03324471366196666,0.5680109067858933,0.6289106407925827,0.5655605918015401,0.6287327492737377,0.6625446671372014,0.6649816275169259,0.7340717601196727,0.6922929398282452,0.6507799750070572,0.5828014462534014,0.6889057439633777,0.646671526392491,0.6506320588286053,0.6697011832912915,0.616578156647132,0.5834131211578201,0.6460498140909852,0.6747805034389622,0.5717820712342087,0.6080336571306182,0.6196556386094186,0.6889865727085477,0.6663947320088243,0.6278917071079801,0.531856161502235,0.557861248914167,0.6697121405956187,0.6126834212664075,0.5888422625321527,0.6311822273671405,0.6408720795272268,0.6340478756684599,0.6109359360051692,0.620303693798019,0.5983258362351599,0.6008162352385079,0.6356768565969609,0.5720630470696694,0.5990280800732024,0.5666040613335377,0.678053482446987,0.6074995392029064,0.6235224897784901,0.5967100815866209,0.6772975897054155,0.6316105391201655,0.6113695391557866,0.5962686947382588,0.647233696183861,0.6465416660357334,0.4185450942241052,0.6820748731130225,0.6186474889198487,0.6194620825753265,0.6448983907733725,0.7191759925255208,0.935284002718939,0.641205936493418,0.5826263859667772,0.6808602073382009,0.6215244626596778,0.5940947507990665,0.67680681853584,0.6018418524176554,0.6093614628973463,0.69956014986413,0.6180193828899891,0.9092947186027424,0.6249012054425662,0.5483598518362949,0.6208561323343519,0.5760528213057027,0.7023858236553127,0.5822305908389566,0.6635424883542472,0.6042246304730923,0.6602184414661368,0.662316679545736,0.5839356701904818,0.6541409545919245,0.5701864514868931,0.6666180349123287,0.6244498912112494,0.6816896469559344,0.6133986658993316,0.6514167397267726,0.5912365074360716,0.6680658953552027,0.5611630709286222,0.6840592818174758,0.6280511102532482,0.6551529558877285,0.6054154375326508,0.6577433192574828,0.7115413145457175,0.5602831310557986
11,0.620003411024197,0.6321662423290509,0.6784964322066983,0.6249563979531998,0.6335747065767717,0.744429185675982,0.676198533571218,0.6999951530456645,0.6428462201634386,0.620301248090288,0.6639752210906378,1.0000000000000002,0.6558682014624098,0.6024244396705765,0.5886693404224324,0.6924927383865236,0.6061624485704213,0.679284622591573,0.6394816011631941,0.7095749375633682,0.6591990989556153,0.7110431202388462,0.6801811378504737,0.5881189985049143,0.7076170361928409,0.6892816690766443,0.613596902336598,0.6519546430316364,0.6294990774113229,0.6118500276846677,0.6507928886679927,0.6960649900729174,0.6958303834260702,0.6590132400022429,0.5823437734399605,0.6051375573566876,0.65208002412947,0.702539765312628,0.6257286693468199,0.6714770359809173,0.6476456909674161,0.6190003275078356,0.6605969379778294,0.6683943010042246,0.6495358474549526,-0.10018555903769742,0.6571547946388272,0.6554887547377956,0.7023293407775765,0.6669560999037066,0.6805391724845178,0.66654812967021,0.6699577222923865,0.6143694539183785,0.5927667211571653,0.6425985986890763,0.6557216086498109,0.6137075564261534,0.6840470712244753,0.5626443795709374,0.6943654270295492,0.6038816000527699,0.6236528838966411,0.616733627648633,0.6610875407974047,0.5914788655390651,-0.045987370726308686,0.6034107789729012,0.6506947876162915,0.6236161128080082,0.683232601554702,0.6662436458268819,0.6057115846340615,0.6476863697066493,0.6919114008483737,0.6712015236563104,0.6383390003208866,0.7103152215872184,0.6916065007045806,0.6521699179880901,0.6279394627823309,0.6287146130894264,0.6539626028691446,0.600124359129632,0.6431505874727178,0.688847995083613,0.604662710936342,0.6248625049662845,0.6252681561499548,0.7319678746447229,0.687223875465271,0.5699584525286056,0.5970476974482387,0.6310388947741543,0.6223123725680418,0.6163427101222788,0.6842289317138965,0.6318704399948709,0.6938684492758191,0.5900251406585734,0.6466608288200353,0.60144177401912,0.6402032595720701,0.655597333539456,0.6290959668455071,0.634622379732367,0.6117051841198882,0.7448987136999735,0.6501281916780919,0.6718059022710527,0.6115787040285039,0.677404893061586,0.6999041366070528,0.6643188951528218,0.6973326131932219,0.657572451110539,0.6737301978482274,0.46741136215328877,0.6919199830531546,0.6561248968659028,0.6147237669373523,0.6046349431352676,0.6799488465420715,0.5963758013919868,0.6896207741212402,0.6775147540004272,0.5780624544282731,0.6292554047302125,0.6428446292643809,0.700990863102112,0.5994781157551501,0.6973828741593171,0.6623417312175925,0.5876571024005819,0.6364142308633648,0.6909720406630775,0.5565040099536085,0.6361334266641333,0.6468554212753552,0.6783300198770611,0.6361653697293173,0.6373949150501066,0.6376914052572416,0.698564065126685,0.6264669136518051,0.6793637382542049,0.6427274234340183,0.7013551921399344,0.6586981047736693,0.6817764705435452,0.659256914013108,0.6615886551920838,0.6610771488120207,0.6336574368487198,0.630429568538257,0.6003797160327674,0.6837697020145741,0.6493248640797111,0.7049359877696693,0.6166840158168565,0.5974475100312557,0.7193651290360313,0.61608234807249
