,0,1,2,3,4,5,6,7,8,9,10,11,12,13,14,15,16,17,18,19,20,21,22,23,24,25,26,27,28,29,30,31,32,33,34,35,36,37,38,39,40,41,42,43,44,45,46,47,48,49,50,51,52,53,54,55,56,57,58,59,60,61,62,63,64,65,66,67,68,69,70,71,72,73,74,75,76,77,78,79,80,81,82,83,84,85,86,87,88,89,90,91,92,93,94,95,96,97,98,99,100,101,102,103,104,105,106,107,108,109,110,111,112,113,114,115,116,117,118,119,120,121,122,123,124,125,126,127,128,129,130,131,132,133,134,135,136,137,138,139,140,141,142,143,144,145,146,147,148,149,150,151,152,153,154,155,156,157,158,159,160,161,162
0,0.9999999999999997,0.5958505696015364,0.6475737690761578,0.6700376036607891,0.6519889945648752,0.6970031944830397,0.6640141056635808,0.612764324319393,0.6332483073992985,0.6315514021817582,0.6189130591794457,0.6200034498949596,0.6545114532930203,0.6564015817146579,0.652167271815843,0.6453602452766408,0.6170188012593708,0.6943362381442767,0.6482967112406594,0.6564126365151679,0.6707247640586892,0.6492889817585241,0.6511416973393945,0.6254469829150676,0.6628901177011506,0.6465243267560274,0.5935281437637042,0.6539395387420595,0.6236967743366445,0.6851898697544146,0.6466066767138476,0.6270632633332409,0.6521066285523949,0.6819154525452802,0.6521656066139121,0.6498698224531938,0.630386659357998,0.6662822431364677,0.6304131420568464,0.5926744380395089,0.7017342247708963,0.6992442491542866,0.6018487960946193,0.656597028360879,0.6945221093541931,-0.15864838217695984,0.6722095901941828,0.6009820729617487,0.6591810948661233,0.6495971593756779,0.6658690920999715,0.7172311115311867,0.6211449335851297,0.6076111595600405,0.7064208994594433,0.6824246590940218,0.6432823919094398,0.6512290200531986,0.6665142763946932,0.6375121893607681,0.64075818122287,0.6598496164272583,0.515433566471094,0.5891535968960795,0.6101250242476524,0.650341498924432,-0.1148033983424735,0.6694523501915669,0.6719666926877642,0.6540374640317446,0.6507848809704101,0.7050965055603653,0.6719979136131629,0.7078895414990615,0.6439796674227218,0.6870148251236097,0.7017448256445555,0.7008308766815287,0.6250981581756996,0.6811459717096314,0.6429902717176121,0.6560011535681783,0.6495073444524945,0.6762543104052658,0.6820065105374008,0.6161188634447055,0.6807562948439851,0.6800610631914691,0.6774418541310446,0.6595980749599516,0.6552609863761557,0.6341111105809274,0.5206213392669664,0.6696419783697258,0.5948804300498736,0.6995774976851941,0.6491877587508053,0.6087977792524037,0.6501240110041625,0.6718408255733478,0.6823319435826017,0.6800971650768786,0.681018312202928,0.6357178353066322,0.6615810761230659,0.6467147233865694,0.6540314661563439,0.6428269751902917,0.6608268920330168,0.6217063358958196,0.6625742481153276,0.6444730203409416,0.6897185810479936,0.6393372414202598,0.6555801514911184,0.6662838247218875,0.6315263233425434,0.4743957482417724,0.6689349208878778,0.6763893644696984,0.6025723142144243,0.6528436515446208,0.6646677366061068,0.60712669578018,0.6299051802116431,0.6487112763176496,0.6447153410343068,0.6618165096599128,0.6593412983913074,0.6957583122103487,0.712425669972138,0.6797410616051278,0.6126453638496536,0.6926400877768949,0.6670878010640374,0.6602216769663322,0.655024452136819,0.7638775500050483,0.6490325818706679,0.6739456798839918,0.6308300359914724,0.7260449707802976,0.6492207180971084,0.6085679703620761,0.6949888788071592,0.6538200833480838,0.6368550828688345,0.6470282221489203,0.6805712535323698,0.7034953267846717,0.6716614302803828,0.6770631717722913,0.6928061594235359,0.6572118771913535,0.6834597079753443,0.519760302364456,0.6707944558417391,0.6518730126082745,0.6863636839738823,0.6101644282680674,0.6462309333324112,0.7573606005676109,0.6216156766279073
1,0.5958505696015364,1.0000000000000004,0.7242421452903736,0.7506519666560025,0.6903671559040745,0.6020524640251882,0.5396407415967849,0.6501168750821767,0.6680062134345742,0.7005969360121657,0.6521098014963395,0.5889361389071609,0.6799793602016898,0.6501108608524837,0.6644433508241194,0.6066624334589967,0.6128075459227653,0.6412083555348779,0.6908814858710401,0.5981231905501794,0.5732990827538283,0.673762193343357,0.6560029102460819,0.6814187220514433,0.6219028801247325,0.7140800756189833,0.6525770434062816,0.6092406863086234,0.6746631477940273,0.6314678451408676,0.6504885794808063,0.654998328730189,0.6297230296263651,0.636301326215361,0.6203010076706585,0.6539774268627685,0.7077016885043563,0.6631481930908069,0.6515238575068311,0.6750680696689657,0.6018628113886303,0.6503954520123446,0.64870209084529,0.6497356735087205,0.6135659088452046,-0.0973601140120906,0.6188686515986322,0.5917134333775567,0.6466496352223433,0.6868858741283281,0.6201642991583228,0.6717648313270901,0.6894782482192314,0.704368668228721,0.6644387272658058,0.6295056610585246,0.6924093398394239,0.6225414097200456,0.657084538292007,0.5479826672955753,0.6780081360491091,0.6437185785249768,0.5132876006246712,0.6533831242124715,0.6419901164254668,0.6205440207369318,-0.09072754508205672,0.6142101417501138,0.6822824115978359,0.5931539928620336,0.7104604530764609,0.6577110871290492,0.6270291636941282,0.6819430578570572,0.6540885219741666,0.6605385405660318,0.6950581303598207,0.6110482293611074,0.6784883945430349,0.6461516418774086,0.622323988975674,0.6459848423615075,0.6286809933173813,0.6516678020206454,0.6567566618414625,0.6412145057687618,0.7151855765602934,0.7092546410943511,0.6585828170183919,0.7203382436619716,0.6566749102054015,0.6915592494647953,0.5048086587444023,0.6549052542516939,0.6656921568658857,0.7145009545507846,0.7279320589023851,0.7297984171791964,0.6756808532657843,0.689673903803275,0.6682694963067923,0.6947638577544206,0.655683952663179,0.6394006266713377,0.603264081937573,0.5753206855894887,0.5569897447198529,0.6952310753533304,0.6717557656315993,0.6187921974556516,0.6549260968983154,0.599168640219576,0.6702883522449663,0.6651630196649999,0.6873808783146587,0.6508719303246423,0.6270610563322364,0.45210527735575895,0.6684858406114912,0.6671314082093556,0.6313382702991223,0.6253063271309875,0.653761542865352,0.6109060745907646,0.6425693130385025,0.6356758839872918,0.6851587684949357,0.6207032344473828,0.6410257913005436,0.7095266109564481,0.6254938066263758,0.6005390803990627,0.6329521956482532,0.6682768106422281,0.6619739120560076,0.6866666015535481,0.6691098928923191,0.6758988006449491,0.6630667076271122,0.6340265998011241,0.6154031009690318,0.5744898893993292,0.6682631485445575,0.6354643284954598,0.6223826787402855,0.6066203137363755,0.7166574902904804,0.631925710179961,0.5946373812956327,0.5843185604733949,0.6450967168549017,0.6308332978605286,0.5436902165017998,0.6035469166110969,0.6015604592755276,0.6050943020117723,0.6551830991219416,0.6453880306042592,0.6507852366819747,0.6536167604376336,0.5750690280612258,0.7647526899720365,0.5868704518981325
2,0.6475737690761578,0.7242421452903736,0.9999999999999994,0.7000765019356585,0.7528163367293201,0.6807087482314731,0.6683504933969696,0.6696848407131607,0.6321787291277343,0.6335577059363712,0.5989425212180686,0.678496447152474,0.6993333785885095,0.6974622487726422,0.6444807000029399,0.6940421702971475,0.6106775108816502,0.6350511602357389,0.6447428374494562,0.6272512805267676,0.618401116068983,0.6606246994249062,0.6804947167086802,0.6342425788804996,0.6503124281079914,0.6863785839080098,0.6734475265878151,0.632222175904687,0.668432022143201,0.6338566636939025,0.662090218858498,0.7036884019349707,0.6918436881759238,0.6814192590100787,0.7036941355173402,0.6649206326400358,0.6815942937043102,0.7281841763884678,0.6851272683851519,0.7223502228423644,0.7051298938706491,0.663941292013992,0.6804868563227059,0.6176778858103927,0.6315726651502038,0.02379637690563033,0.5874443755720887,0.6455852618892449,0.6345486521810818,0.6610844170975749,0.6332118530738884,0.6760263875743503,0.629094340488249,0.6478986328801023,0.6480673649279205,0.6241189979050825,0.6674808910410843,0.6960532580238169,0.6974128047475632,0.526498692106553,0.6832728230622959,0.6212437510347073,0.522495569496036,0.6649792540748648,0.6418350508257656,0.6089610225422298,-0.02871480511913699,0.6280412371250171,0.6973075508886077,0.6272957866483451,0.6844780169569569,0.6763741209970673,0.6547607747667605,0.6719975344274755,0.703119202203518,0.6757543884358866,0.6610735195975173,0.6602437114247046,0.6738833676102899,0.6398604810702269,0.6746442345226537,0.6163405193264669,0.6499110644669917,0.6048874916505657,0.6500649820535014,0.6916985468147474,0.6648135077010185,0.6841905059411544,0.6698795168263999,0.7328741862110444,0.6867740538081792,0.6594618610611725,0.5897243512421758,0.6332102608769884,0.7243840463260544,0.662103026049211,0.7241887389561746,0.7156727436669256,0.695272920636376,0.7649522214249701,0.6658030199121929,0.6440999053455367,0.617561946017421,0.7053307238946014,0.6308171064051553,0.7160179136958382,0.6501564475607363,0.7020347232589176,0.6456752016676073,0.6875529583346327,0.6318323881549975,0.6315620382718691,0.6878033320829066,0.6625530367601941,0.7053749241586136,0.6808141901421537,0.7042205035787251,0.4660538321408549,0.706814897513824,0.7188196197533889,0.6182073411215745,0.64511217146901,0.6090661649593468,0.5074478095234778,0.6979701242591796,0.6772296236595494,0.6250534220595626,0.6386398617304127,0.6973394194559379,0.6553568001721257,0.693890689235521,0.6518252583236256,0.6840311431345637,0.5605330071314683,0.5866752729735559,0.6926637777804672,0.6229963353711042,0.6978802605248537,0.6409883000064344,0.6444002172457661,0.6820749191834016,0.7032877634550402,0.6747798767918491,0.606910950778802,0.7046520343477762,0.7486004412904755,0.6960661568519898,0.7196762405788532,0.5724846023462977,0.6333226908360414,0.6681082326105078,0.5901677946191051,0.6641921036411913,0.6485923494555561,0.618280016087182,0.5931470360462837,0.6568105826494568,0.6415444689589987,0.7035486341316373,0.6847564773638103,0.6099238585164384,0.7358254366227884,0.5852161055141426
3,0.6700376036607891,0.7506519666560025,0.7000765019356585,1.0,0.7036262068233681,0.6622511038818416,0.6066180514593745,0.6024622076663838,0.6652639883481568,0.6191086657402857,0.5943104699655474,0.6196831546647216,0.6692346220322771,0.6928677842027119,0.6840053852051732,0.6761612253046908,0.5644955149709008,0.6791108469035438,0.6161328287064435,0.5954770262327244,0.6230320647089915,0.7161900182140811,0.6751538157522597,0.614072145122109,0.5941349306974595,0.6640049157540705,0.6774515785794886,0.6581112665499494,0.6427422535085552,0.6499919047549068,0.6342896067065905,0.6483983666403104,0.6902734433741421,0.6734950743605844,0.6395689169513854,0.6540808818253959,0.6657854730698751,0.623664877203022,0.626666331564989,0.6985159102970526,0.6683235115775075,0.6339992257018725,0.6439559099153097,0.6015315823805225,0.6496847475795725,-0.028180031870860316,0.6552646933548362,0.6336650277390795,0.5893906240228906,0.6416019574990106,0.627203893539411,0.6597466789508964,0.6426067064531152,0.6872763851196372,0.6549494074122054,0.681215061639643,0.5986074689529298,0.6270343880079163,0.6793377783034555,0.5650975942294937,0.6764047764838151,0.6217005504638341,0.5889381900264677,0.6666363572711208,0.6110493949172227,0.5921253707546664,-0.04207108086502827,0.6330837407501391,0.6457389545782592,0.562011634346157,0.6731499342416227,0.7026241009252608,0.6826000374834671,0.6466369060862286,0.6836157154220867,0.6472710202494917,0.6662653046614899,0.6545629991556521,0.6630315209132562,0.6607459066019394,0.6002008001775976,0.5766853048934362,0.6284020542030169,0.6515945892311072,0.673613178551626,0.623690500733939,0.6628858976545412,0.653410256728105,0.60669425869363,0.689660205486854,0.6021282750186547,0.6775519749357761,0.5720992648277967,0.6119182441323477,0.6504440093425967,0.6775973071355096,0.7149389404864991,0.6888825524274087,0.6471327623720142,0.6819654026674524,0.6398671184710767,0.6830326544569714,0.622611537752739,0.6595830192231865,0.6190511244961445,0.6765525469493603,0.6525102007344596,0.6358955290920051,0.596871095694255,0.6664510691621147,0.5885888948302688,0.6333194195377976,0.6546018537902943,0.580377183470527,0.7384180510076713,0.6676826651180624,0.6739869306175391,0.47620963740322786,0.6779608434301778,0.664559106319043,0.6334700586561344,0.5699690441146457,0.6361051495840899,0.5451943832953824,0.6607468479527572,0.696658550441859,0.6004176993281156,0.5848405325080961,0.6989118189984986,0.7674821108353754,0.6419624837364629,0.6151318216783519,0.6242895930678334,0.6895266303566037,0.6715340637737908,0.6453957863916947,0.6875700410599963,0.7205954070343794,0.7210469777331365,0.613515888989392,0.6439961381379907,0.6404144610453056,0.6345053035601499,0.5897341745452898,0.6922913891979166,0.6637322129060327,0.6634028579564131,0.6611959976665989,0.6286568362863268,0.6264498767545938,0.6380059859820711,0.6985248930427433,0.6086784974327093,0.6417180449129022,0.6535242296823359,0.5584415492813279,0.6852935238765963,0.6355926386150995,0.6679342724461291,0.6771998741470937,0.6218173492325015,0.7483746520580368,0.6144624932638231
4,0.6519889945648752,0.6903671559040745,0.7528163367293201,0.7036262068233681,1.0000000000000004,0.6383241269685036,0.5562705725705156,0.5984674185768015,0.6182247995261533,0.6594959051892919,0.6375412328510993,0.6078314359080661,0.6240112179779199,0.6600815249538109,0.7038995101753761,0.7042886699752575,0.676567321788755,0.6081326553725287,0.6358819688013502,0.6688346737039771,0.6016504705521996,0.5982309835335902,0.6570826261184844,0.6652767983725082,0.6541549071331608,0.7495408349476729,0.6790113035903894,0.6422982927496541,0.6239455979926725,0.6884659038750094,0.6347821797573266,0.5671565550635246,0.5929906987901554,0.6658168926804771,0.6406893630481332,0.6591119550096605,0.6546236516074706,0.618123768769377,0.620874771038194,0.6815433384769433,0.741691779279572,0.6758693854323563,0.6884578474409191,0.6153044968213789,0.5935660128694339,-0.12897306696119165,0.6476049026586483,0.6098399973714317,0.6110780236779564,0.684390440365178,0.6161730703962558,0.6307404637146514,0.6970319158200727,0.6903969756765491,0.6191675539858222,0.6228337302940257,0.702158320531667,0.7065687483365719,0.6950339726014649,0.5735231307757731,0.6368719300492053,0.5599869515194098,0.4507133918398023,0.6494995136440181,0.648084208813844,0.6648561629046337,-0.009905202742655323,0.6134901584795891,0.6522525387941653,0.5910048714622248,0.6442534805122352,0.6162575579914849,0.6649237945623865,0.7061286075223613,0.6597181260066021,0.6550774956821462,0.6371389724952389,0.6575673599811579,0.6721475801622229,0.6011621649083678,0.5763290027828177,0.605536567055976,0.6543438882164555,0.6762710213834959,0.6380347461221506,0.5736065633014363,0.6989861419266205,0.6117466867616391,0.6993049139442892,0.7092927158994242,0.7054626115428908,0.6454352744944261,0.6816319031935439,0.6969957537623162,0.6584232327997652,0.6609929217911252,0.6691588127308826,0.7313542934055182,0.6058087559925244,0.6722927107362816,0.6598083877355425,0.6713180044112955,0.5903392950325379,0.6581233856866869,0.5555200691038304,0.634771762511032,0.6238826593700872,0.7154362614058645,0.6044812310269115,0.6126675302071622,0.6573153365199224,0.546468627773766,0.6107055864278345,0.6202428577758461,0.7147485510670203,0.6575334701995579,0.7299704186406875,0.48301585933616425,0.7035644409897711,0.6978951908042776,0.565362389076426,0.674725181906789,0.6425744243224821,0.52857467951826,0.6685924641443762,0.6410874727717154,0.5496904617095476,0.5517663190612985,0.6956437549681842,0.6562897488359294,0.6748801222838873,0.6113825569614829,0.642950102841403,0.5851081721633664,0.6195776243374714,0.7104515807403526,0.5502230746717711,0.6638640414250943,0.6707551347278863,0.6679301711816013,0.6054869017199497,0.647822159439984,0.7051097943041822,0.5846206772067768,0.6669577474431715,0.6277737781651404,0.7296293290335459,0.6402605074556396,0.6531203441271395,0.6170074602706054,0.7112322867435241,0.6003427183739204,0.6412569603220826,0.6035668752929599,0.5672335007347259,0.5812902882220518,0.6218898189418716,0.7155460249518033,0.6842815418098676,0.6109073997581063,0.57117566021149,0.7389334192847309,0.6378956639457731
5,0.6970031944830397,0.6020524640251882,0.6807087482314731,0.6622511038818416,0.6383241269685036,1.0,0.6149573299935187,0.7179614791406456,0.7024646130054436,0.696322570552392,0.62529241098139,0.744429185675982,0.6862405006654979,0.6168391178661125,0.6125294821423966,0.6999613277585656,0.6430891222623777,0.6981850115169629,0.6579982295942862,0.6604963125208123,0.6225268999797879,0.7002651901747039,0.7210426476697973,0.6845168980602435,0.6850616093363769,0.6539567783528881,0.6176065759624175,0.6780363276116133,0.6307300274042168,0.6662494831228086,0.6258911771026077,0.6616853999528625,0.7191371564600292,0.6617047629282595,0.6518924170138714,0.6246840234166914,0.7282957759326428,0.6697561471101527,0.6765400293736729,0.6935336782629776,0.6641426614108489,0.7090478680828712,0.6430701769277143,0.6995156011850074,0.7020004205283127,-0.10200191008411537,0.6843077834190219,0.6847161725848648,0.6822350111899891,0.6212739659526618,0.6539960852072335,0.6753212575884938,0.6315623658054231,0.6422834810153235,0.5900432722759715,0.6731411889604325,0.6623952031584166,0.6722906006671776,0.6772038857057402,0.5452124554325691,0.6430709666445618,0.6365258772218245,0.5673517794130692,0.6491359948765428,0.5786102886503988,0.5730805059056148,-0.1757033270081213,0.6923118463817142,0.6765308897068464,0.6260257122541768,0.6556412089731989,0.7239519967251048,0.6133144703450237,0.6616234197092206,0.6346668380645487,0.6563536072910863,0.6377188450239679,0.6842076289678559,0.6679176237587824,0.6771495754550078,0.679447972765578,0.6786917708830642,0.6966566584149679,0.6720818383462781,0.7093461625928555,0.6404807354149439,0.6540492864701313,0.6961079373499984,0.6296606706339869,0.6735450200458941,0.6763626125588323,0.652680622934618,0.5549476650620861,0.6277918365497865,0.6360562024784056,0.6903188537988921,0.7254564723297241,0.7081832281838377,0.6561776449315088,0.601920152738431,0.6694745760633808,0.6824971452213289,0.6725777358205215,0.6877435715198514,0.6731135719014486,0.7031035433239214,0.7016500420345807,0.6689441424204245,0.6951791757819098,0.7167066301571491,0.5987053020335873,0.7071353974522568,0.6413025447886739,0.6237271283225594,0.6497155360653645,0.7062420826624227,0.6492465055425821,0.5933746572682522,0.75502790439428,0.6929615473614763,0.625918340732799,0.6759838765236578,0.5934393183156119,0.5726160554726307,0.6086314744697521,0.6799816186975398,0.6489476668699126,0.6472100744535609,0.6957255777972781,0.6440097544754845,0.7162113592856402,0.6476024425769901,0.6122523274081599,0.6153720701551141,0.6304140760176948,0.6551534409544155,0.6720497646285155,0.6572547015330925,0.7140681661327879,0.6177217223220389,0.6994038101892647,0.692383993200023,0.7001878077714385,0.6459645407043477,0.6977519785767591,0.6939521021444396,0.6770210349118734,0.7104499849357053,0.7029302004256576,0.6532085617683757,0.680279204349728,0.6676309249995069,0.6780261996815319,0.6441419891107822,0.6751285934650457,0.654405762517611,0.6910610394049128,0.7204916805286601,0.6709025605361633,0.6956908211852642,0.6689066651769805,0.7243349276056448,0.6275670408546378
6,0.6640141056635808,0.5396407415967849,0.6683504933969696,0.6066180514593745,0.5562705725705156,0.6149573299935187,0.9999999999999996,0.6360040727996398,0.6011885227793764,0.5792065700185346,0.616160041911668,0.6761871972356989,0.5950562388662723,0.5871016151388734,0.6010736159982544,0.6456249230496302,0.6005710639475588,0.6912352194966034,0.6462318311570041,0.6821247146183969,0.6846830289569616,0.6920524557368156,0.6295949633524691,0.6239869366603839,0.6743101681648557,0.5663841846425064,0.6484401188789849,0.6070885904979737,0.6167881471619514,0.644465937291723,0.6316839331931133,0.5736978611689049,0.6570678332049269,0.7070164132354024,0.6516276261417656,0.6503511107013696,0.5642451143121051,0.7769344202841281,0.6159036220839055,0.6934465371007851,0.590283749807547,0.7342003601908137,0.637714212076743,0.6153686815596895,0.6197388174184802,-0.07258544006341229,0.6665734103007573,0.5916659317336265,0.6325622837350879,0.6032518643482981,0.6981722433209189,0.6387276369121921,0.6007756023932993,0.6674481874007155,0.6614383808123292,0.5416890409724777,0.5766880876541922,0.6440377000675481,0.6520524967657956,0.5510869053135985,0.6524253551421441,0.7266335435464252,0.42835408224246513,0.5626459600384123,0.6830107155814059,0.6131214853365767,-0.04654661270571967,0.5384403751382049,0.6895349994258829,0.6392061506752192,0.667479755931594,0.660528743880157,0.6091854597032577,0.6108806326083028,0.6685778562309075,0.5969552349062277,0.6522250785263561,0.6603001898057843,0.6253241936075531,0.6391013810073353,0.6285826359367631,0.6064156424141947,0.6098901602608061,0.5535110113973297,0.6823825973877831,0.7103571222206606,0.5112519886929934,0.6211855462164236,0.6228362628755132,0.6899437987755789,0.6093399845059488,0.49053073587097074,0.5136113664176641,0.6076864480400266,0.6217759714842267,0.5576768222401123,0.6794818897711734,0.5183647231631192,0.7018067115792126,0.5731232808268126,0.5853250451396227,0.5578117947349964,0.6483185968767744,0.7041258804433929,0.6546485354748631,0.6951914564881428,0.6552958690037172,0.590972845983512,0.6362019815641212,0.6063064804192886,0.5703402972140373,0.7144730678352047,0.6816535808562758,0.7008425451240274,0.631791225542563,0.6532523991065845,0.6258850364905817,0.46347522549924375,0.5695544531034019,0.5829298088907805,0.5812598806342378,0.6543217758445882,0.6247336244351045,0.5840114462300224,0.6578652531870536,0.5638388306391903,0.6604687936495287,0.5935814444575719,0.6047613230302457,0.6460751614873668,0.595499228113229,0.6615233363019043,0.6606381082915455,0.6415827463591464,0.637804323066688,0.6507993551297546,0.6526048838505167,0.6874065367369089,0.6708054657654692,0.5822284782674273,0.6541467166138735,0.713716515216938,0.594422019238686,0.6754358946983707,0.6848343300450683,0.6968524562406107,0.5200577991756389,0.6584906059894218,0.6515261174970517,0.6939346150107186,0.6734647158872845,0.6193496189016531,0.7180002218030123,0.6353461311067781,0.6453004205859997,0.5371484507267236,0.648707085034492,0.5594358920971996,0.5981024825331565,0.6051624023166902,0.6104555521156811,0.7097537695955809,0.5454341085003318
7,0.612764324319393,0.6501168750821767,0.6696848407131607,0.6024622076663838,0.5984674185768015,0.7179614791406456,0.6360040727996398,1.0000000000000004,0.5747986002937312,0.6177767367724858,0.6136053634199103,0.6999951530456645,0.6439483437020229,0.5813212634380089,0.6156126508924736,0.6762253207081972,0.6418306640969084,0.6536987303393317,0.6638633901072583,0.7177440720392169,0.6513024384558616,0.6723389895023129,0.6405941811037122,0.6551530431097139,0.6924509908902867,0.6477807222444153,0.5896085622756272,0.6374661816015721,0.6632777822531439,0.6327962446526383,0.6391265464499915,0.6975108876700418,0.6628657176312043,0.7152637260806914,0.625703797052176,0.6381327706270166,0.6631367451792907,0.6944606653419177,0.6596885671544653,0.6236196771907735,0.6374133334338592,0.643602114527671,0.633980842780156,0.6650617253235256,0.654547515691125,-0.08614160860933712,0.6358723779175002,0.6099925896414631,0.6779559591348775,0.6412415545061065,0.6906850868738751,0.6713955637723434,0.6881275545163876,0.6841340351047698,0.6398499379642452,0.6398123462995284,0.6248114435027023,0.6228433173153936,0.6678614274220329,0.47794827951448365,0.681252060748705,0.6315541775389102,0.5568617920613369,0.6405249109015745,0.6244286360625979,0.5434971318359743,-0.0724919064668075,0.6333278950310834,0.6547682290613599,0.603425046198126,0.6335934320630204,0.6867997259752964,0.6184602192289235,0.6077761942070392,0.6252534015769695,0.6052802939245371,0.6943700152898772,0.6511440465413056,0.6149240148337213,0.6690296340192875,0.6829725321468191,0.6691533003044853,0.6696511470800215,0.6459328599495034,0.6587672728045689,0.6742854905816305,0.6295345100143908,0.6714590527162118,0.6245770815853215,0.7034656730379152,0.7040002860382962,0.6148452422439392,0.541136137336231,0.6568400640538505,0.6655225844831685,0.6701667674523802,0.6618685216843911,0.6089320170536648,0.688847227103495,0.6231711347569235,0.6870014713172944,0.6687687157800072,0.6342122511097855,0.7145856122072469,0.6415340840402587,0.6773632565697518,0.6665141834361688,0.6489720466624846,0.7079473365370396,0.6756454780611643,0.5363576746442145,0.6443843390152857,0.6356435998291,0.6939610405094995,0.6616343370488744,0.5995913606135744,0.62667963708388,0.49465668682921776,0.6444040852225109,0.642975298843711,0.6390599126095708,0.6216935316228975,0.6165672067583894,0.570560205167329,0.5793490927459755,0.6484217077588863,0.6548794003806498,0.6942541639971438,0.6816670988872905,0.6052787587054032,0.624285974338381,0.681541295793102,0.6537140544342124,0.6040090236571384,0.6329802222562414,0.6600780028650938,0.7034271299744389,0.66474139165208,0.6907656337736815,0.5816845262281071,0.692570059072444,0.6828563871714238,0.6931849518410161,0.7087845631552534,0.6293973050140299,0.6724816733397599,0.6452485275689053,0.6401423175507303,0.592649728348485,0.6402824471221049,0.6839830138998357,0.6498685865340091,0.6974745781156318,0.6287273972502733,0.6385525861822832,0.6149961182747885,0.6713983533680445,0.6594774245280637,0.675154011875686,0.5833244235363954,0.6462029960246977,0.7355067941670279,0.6311909634090491
8,0.6332483073992985,0.6680062134345742,0.6321787291277343,0.6652639883481568,0.6182247995261533,0.7024646130054436,0.6011885227793764,0.5747986002937312,0.9999999999999998,0.5902996511995677,0.6436781669060654,0.6428462201634386,0.5429793757842079,0.636333103493055,0.618682004654594,0.599289447425742,0.5974578878627368,0.7226070250022281,0.5996013127167868,0.6041174909328366,0.5800756563427143,0.6458029052765227,0.6055828339068753,0.6419225315790847,0.6183297662611156,0.6049351736045321,0.6300425829251222,0.6251070243657517,0.6090384298380525,0.5530960733962189,0.6543627635193965,0.6070108565910826,0.6363719471380689,0.6539586229778754,0.5382331034978194,0.5930425021506761,0.6935655710415253,0.6374559079511347,0.5953856475388674,0.6571978716542491,0.6370357068792049,0.640079986917279,0.5515983121453731,0.6230149907264854,0.5905648384587342,-0.03540151464675673,0.6824817032461247,0.6327022518337523,0.6442743262606501,0.6671427642114526,0.6867544999943311,0.6570507454728337,0.7100636562243589,0.6141103687759314,0.6069253629071322,0.669579770493164,0.6754877186896588,0.627041497050826,0.6733157653930576,0.6046017435267917,0.6219056993931773,0.6531735986456594,0.5071838544429065,0.5731207167402456,0.6570545144439924,0.6223457132789997,-0.07450420741363752,0.5596527495766173,0.6812845569468394,0.6210333345990218,0.6300292576483641,0.6352039219109662,0.6517611931151698,0.6427917125634048,0.6183062742049028,0.6734129873220759,0.6449169593155641,0.6899867543954772,0.6007283045114719,0.6221932700630288,0.6722065861606387,0.5666817840229581,0.641441823650126,0.5999618663232176,0.6075558255882091,0.5916370427585942,0.6342310638767515,0.6979290164709151,0.5756340006787626,0.6884637499957854,0.6273487061736955,0.646278590798132,0.47737393782848814,0.6600921834171569,0.5884181774852408,0.6769419562144418,0.6792408815754316,0.6490767994692878,0.6327210765252864,0.6523022980937784,0.6480668008361034,0.6627700632843125,0.5923277302767035,0.6018706622834036,0.5975883870521546,0.5739442646949429,0.5535120461666736,0.6201699303071094,0.5911622817134196,0.6023876927594511,0.6487240233517089,0.6297645292962446,0.6358483916244347,0.6187106067188207,0.6684186114375136,0.9255260251208584,0.5662963088472038,0.43223068781442886,0.6881032311381211,0.6264088888256703,0.5896991609584387,0.6238216074442742,0.593246481506026,0.6083081559000963,0.6455292865876071,0.6555000103669614,0.5808931888121377,0.6083763602256066,0.6303430421327487,0.6869987637350479,0.6214880641273068,0.5819039510605015,0.6092823377321896,0.5780200575494661,0.6514388624455051,0.6795505687943013,0.632769588688718,0.5927708858871179,0.6719352349789876,0.6208041975586585,0.634791837835375,0.6176827205250778,0.5910600640282081,0.5938501786700485,0.6837273471129398,0.6370920265786405,0.6193314504668903,0.6391526373230533,0.6335671775354665,0.6719904176545185,0.5955060910948246,0.6659178512929772,0.5688769743657907,0.6288211492552183,0.6074084102432696,0.5320628238609245,0.6588612334735586,0.6346550854157307,0.6726083020176239,0.6494946498467109,0.5846210957194776,0.707981722333573,0.5170596498658158
9,0.6315514021817582,0.7005969360121657,0.6335577059363712,0.6191086657402857,0.6594959051892919,0.696322570552392,0.5792065700185346,0.6177767367724858,0.5902996511995677,1.0000000000000007,0.5976523703718968,0.620301248090288,0.6639338595665888,0.589283432532958,0.643261453382198,0.6135290364170953,0.665085134207253,0.6431526169395224,0.6559895465868121,0.6503233367872497,0.6365362157178633,0.6634127568153909,0.604766551424644,0.7985650925906351,0.6800361321334489,0.6667440204883381,0.6597896190669628,0.6129946246654588,0.6847250456968353,0.6512629091218545,0.5810799976374057,0.7055074245810597,0.6265605879773932,0.5747565969794616,0.6019386164093651,0.6933930901214562,0.6273171094089072,0.650683276578534,0.6358261833407118,0.6176740141341548,0.7073543681164933,0.653467627104397,0.6595244711217845,0.6514384442558397,0.6006149175988107,-0.07686692466548435,0.6319787870732578,0.58930814362299,0.6322213327496636,0.5656203145048737,0.5734494547379559,0.6541216070168184,0.6204680790409055,0.6400853387866307,0.5934906281698578,0.557459536315752,0.62917126655424,0.657890422318091,0.6025223558092065,0.5713121175250997,0.6250019070052529,0.6301566915803042,0.46851550276317966,0.6339852573710498,0.5430925731635295,0.6645494272252306,-0.01814955690232447,0.6530545101610403,0.6475402833786096,0.5889446415474795,0.6794928487240564,0.6438938230441356,0.6003754330736073,0.6926010873314926,0.6262785907116293,0.6273029785811353,0.6309126772100843,0.6493769381837607,0.6922888326343831,0.6348344697811307,0.5784640961641662,0.642943994938994,0.6104826377126438,0.6334044592686745,0.6763882426182964,0.6616377639373595,0.6581286769751818,0.65623257630538,0.6190064105776626,0.688381465552457,0.6546957553862777,0.6131706739460722,0.5532310088795517,0.6691471770733888,0.668945745058869,0.6334787534751193,0.6781589298469952,0.658326382338698,0.667573403872937,0.6363594803111959,0.6071917830131792,0.6397675573012653,0.6621338089494693,0.6926067305445138,0.6349449672920305,0.6173066813991598,0.6140170050124452,0.6649281368850136,0.6702082619132732,0.6336216942007012,0.6016059582430423,0.6084662602189543,0.6655100785522707,0.6905649332108192,0.6694503744519872,0.6139901780413733,0.653290289584868,0.45844158943527863,0.6750234962396292,0.6544556796313593,0.6056388136138325,0.657066128114922,0.5617946820747514,0.5699182084268994,0.6017433015282712,0.536677225645936,0.6646422919602841,0.6279305500621981,0.6358653942180388,0.5865729598669959,0.6434568455850237,0.6179491318956839,0.616811247406763,0.6805421561250582,0.6128543897143688,0.6751917589495537,0.658949529125681,0.6426304177335096,0.6885764965289357,0.6557428781666141,0.6044162666689815,0.6178360332152375,0.6812764690725857,0.6491402819741454,0.6743138046222897,0.6583812517194051,0.6477453690840735,0.6352479167440658,0.6626038654388829,0.6298908797820596,0.6575578849630629,0.6486848628766027,0.6271851530702283,0.5740235234009406,0.5851701976643734,0.6328519407787726,0.6292881331549467,0.6918607132909351,0.6434459687751354,0.6261528426565418,0.588005401420359,0.7474854721070253,0.5652721794187868
10,0.6189130591794457,0.6521098014963395,0.5989425212180686,0.5943104699655474,0.6375412328510993,0.62529241098139,0.616160041911668,0.6136053634199103,0.6436781669060654,0.5976523703718968,0.9999999999999999,0.6639752210906378,0.5415634008650174,0.6303311315964996,0.6550386823185764,0.6127710237670795,0.6104001260712119,0.6671586295748014,0.6705947060697607,0.6595613465274058,0.6031083493835867,0.6336849830340681,0.6154538167853888,0.5596492532796016,0.7432820353358806,0.6674676040169947,0.6532015909202922,0.6477197231153875,0.637247569132837,0.6791930125878515,0.5860409646098689,0.5959818021391828,0.6228777588078552,0.7004602369382374,0.5965551584786926,0.6934137542039686,0.5725610732352563,0.6302883400720216,0.6288467026110025,0.6456371350385207,0.6158177928344332,0.5821433548081767,0.6352272381182164,0.6476122031004826,0.5708373792027454,-0.08056540230902305,0.6568179671393443,0.6504981844715048,0.623684112566771,0.6824985759927611,0.7315585827684419,0.5734359976420821,0.7061994470177887,0.6632110541165648,0.6196918876053317,0.6202426518266316,0.6329110926381671,0.5880615118524417,0.6118161761496408,0.5897596420332073,0.576291096744174,0.6418611819312984,0.5237326761691998,0.6032401967436213,0.6587615276337858,0.6692498011274832,-0.03324471366196666,0.5680102143390253,0.6289106407925827,0.5655586969420336,0.6287327492538488,0.6625446671372014,0.6649781023910734,0.7340717387397814,0.6922929398282452,0.6500991720701428,0.5828014462534014,0.6889057439633777,0.6466715263920843,0.6506320588277759,0.671258139890212,0.616578156647132,0.5834131211578201,0.6460498140909852,0.6747805034389622,0.5717820712342087,0.6050562076949582,0.6196556386094186,0.6889865727085477,0.6663947320088243,0.6278918589538484,0.5318561614656229,0.557861248914167,0.6697121405956187,0.6126834212664075,0.5888320518533018,0.6311822273671379,0.6408543736190133,0.6340478756684599,0.6109359351740691,0.620303693798019,0.5983258362351599,0.6008162352385079,0.6356768565969609,0.5720630470696694,0.5990280800732024,0.5666040613335377,0.6750634332670755,0.6074994359909401,0.623522482700749,0.5967100815866209,0.6645891184850635,0.6316108710853197,0.6113695391557866,0.5962686947380882,0.6472337019582022,0.6465416660357334,0.4185450942241052,0.6839427931555734,0.6186474679589683,0.6194620825753265,0.6448983907733725,0.7191759925255208,0.9352840027189387,0.641205936493418,0.5826263859667772,0.6808621366196179,0.6215244626596778,0.5940947477053085,0.6752298474178319,0.6004476102441765,0.6093489382104906,0.6995601501708395,0.6158181402352683,0.9092947186027425,0.6249012054425662,0.5483598518362949,0.6208561323343519,0.5760528213057027,0.7023967668890337,0.5822305908389566,0.6635424883542472,0.6041115836878314,0.6602184414661368,0.662316679545736,0.5839356701904818,0.6541409545919245,0.5701864514868931,0.6666180349123287,0.6244498912112494,0.6816896469559344,0.6133986658993316,0.6514167397267726,0.591236507436071,0.6661446264923349,0.5611630709286222,0.6840592818174758,0.6280511102532482,0.6551529558876303,0.6054154375326508,0.6577433192574828,0.7115413145457175,0.5602831310557986
11,0.6200034498949596,0.5889361389071609,0.678496447152474,0.6196831546647216,0.6078314359080661,0.744429185675982,0.6761871972356989,0.6999951530456645,0.6428462201634386,0.620301248090288,0.6639752210906378,1.0000000000000002,0.6558682014624098,0.6024244396705765,0.5886693404224324,0.6924927383865236,0.6061624485704213,0.6792846571366088,0.6394867235419277,0.7095749375633682,0.6591990989556153,0.7110431043587467,0.6801811378504737,0.5881189985049143,0.758758517950128,0.6835894927872116,0.613596620553073,0.6523280940244262,0.6294990774113229,0.6118500276846677,0.6507928886679927,0.6960649900729174,0.6948768076760413,0.6590132400022429,0.5820458727326364,0.6051375573566876,0.65208002412947,0.7022858198398605,0.6257286693468199,0.6707031461931526,0.6476420739638459,0.6190003275078153,0.6605969379778295,0.6683943010042246,0.6492946351070293,-0.10018555903769742,0.6571547946388272,0.6955047234026852,0.7023293407775765,0.6669560999037066,0.6805391724845178,0.6665481296609675,0.6699577222923865,0.5887246867947359,0.5927667211571653,0.6455818169262431,0.6557216086498109,0.6137075564261534,0.6840470712244753,0.5626443795709374,0.6943654270295492,0.604118198050238,0.6236528838966411,0.616733627648633,0.6610875407974047,0.5914788804155116,-0.045987370726308686,0.6034097233915163,0.6506947876162915,0.6236155928807262,0.6832326015176612,0.6662436458268819,0.6057137721534067,0.6476862981402673,0.6919114008483737,0.670896132914544,0.6383390003208866,0.7103152215872184,0.6916065007041847,0.6521699179871693,0.6321319597142111,0.6287146130894264,0.6539626028691446,0.600124359129632,0.6431505874727178,0.688847995083613,0.6025446585441022,0.6248625049662844,0.6252681561499548,0.7319678746447229,0.6872244260716769,0.5699584524868928,0.5970476974482387,0.6310388947741543,0.6223123725680418,0.6163511758046811,0.6842289317138943,0.6318547897232913,0.6938684492758191,0.5900251402818748,0.6466608288200353,0.60144177401912,0.6402032595720701,0.655597333539456,0.6290959668455071,0.634622379732367,0.6117051841198882,0.7328619670306458,0.6501280937062179,0.6718058941948933,0.6115787040285039,0.6956966015738485,0.6999037323219419,0.6643188951528218,0.6973326131929968,0.6575724560911175,0.6737301978482274,0.46741136215328877,0.6931099852581768,0.6561248436679609,0.6147237669373523,0.6046349431352676,0.6799488465420715,0.5963758013919884,0.6896207741212402,0.6775147540004272,0.5780625276882047,0.6292554047302125,0.6428446260519229,0.6993448781764472,0.5980672201569182,0.6973740550045673,0.6623417309746069,0.5839981134847781,0.6364142308633627,0.6909720406630775,0.5565040099536085,0.6361334266641333,0.6468554212753552,0.6783048360696938,0.6361653697293173,0.6373949150501066,0.6381030505435653,0.698564065126685,0.6264669136518051,0.6793637382542049,0.6427274234340183,0.7013551921399344,0.6586981047736693,0.6817764705435452,0.659256914013108,0.6615886551920838,0.6610771488120207,0.6336574368487198,0.6300466197375024,0.6003797160327674,0.6837697020145741,0.6493248640797111,0.7049359877696182,0.6166840158168565,0.5974475100312557,0.7193651290360313,0.61608234807249
